  0 [269488144]
  1 [1684300900]
  2 [1684300900]
  3 [1684300900]
  4 [125269879] - Current cell
  5 [125269879]
  6 [0]
  7 [0]
  8 [0]
  9 [0]
 10 [0]
 11 [0]
 12 [0]
 13 [0]
 14 [0]
 15 [0]
 16 [0]
 17 [0]
 18 [0]
 19 [0]
 20 [0]
 21 [0]
 22 [0]
 23 [0]
 24 [0]
 25 [0]
 26 [0]
 27 [0]
 28 [0]
 29 [0]
 30 [0]
 31 [0]
 32 [0]
 33 [0]
 34 [0]
 35 [0]
 36 [0]
 37 [0]
 38 [0]
 39 [0]
 40 [0]
 41 [0]
 42 [0]
 43 [0]
 44 [0]
 45 [0]
 46 [0]
 47 [0]
 48 [0]
 49 [0]
-----End of the current print-----
  0 [269488144]
  1 [1684300900]
  2 [1684300900]
  3 [1684300900]
  4 [125269879] - Current cell
  5 [125269879]
  6 [0]
  7 [0]
  8 [0]
  9 [0]
 10 [0]
 11 [0]
 12 [0]
 13 [0]
 14 [0]
 15 [0]
 16 [0]
 17 [0]
 18 [0]
 19 [0]
 20 [0]
 21 [0]
 22 [0]
 23 [0]
 24 [0]
 25 [0]
 26 [0]
 27 [0]
 28 [0]
 29 [0]
 30 [0]
 31 [0]
 32 [0]
 33 [0]
 34 [0]
 35 [0]
 36 [0]
 37 [0]
 38 [0]
 39 [0]
 40 [0]
 41 [0]
 42 [0]
 43 [0]
 44 [0]
 45 [0]
 46 [0]
 47 [0]
 48 [0]
 49 [0]
-----End of the current print-----
  0 [269488144]
  1 [1684300900]
  2 [1684300900]
  3 [1684300900]
  4 [125269879] - Current cell
  5 [125269879]
  6 [0]
  7 [0]
  8 [0]
  9 [0]
 10 [0]
 11 [0]
 12 [0]
 13 [0]
 14 [0]
 15 [0]
 16 [0]
 17 [0]
 18 [0]
 19 [0]
 20 [0]
 21 [0]
 22 [0]
 23 [0]
 24 [0]
 25 [0]
 26 [0]
 27 [0]
 28 [0]
 29 [0]
 30 [0]
 31 [0]
 32 [0]
 33 [0]
 34 [0]
 35 [0]
 36 [0]
 37 [0]
 38 [0]
 39 [0]
 40 [0]
 41 [0]
 42 [0]
 43 [0]
 44 [0]
 45 [0]
 46 [0]
 47 [0]
 48 [0]
 49 [0]
-----End of the current print-----
  0 [269488144]
  1 [1684300900]
  2 [1684300900]
  3 [1684300900]
  4 [125269879] - Current cell
  5 [125269879]
  6 [0]
  7 [0]
  8 [0]
  9 [0]
 10 [0]
 11 [0]
 12 [0]
 13 [0]
 14 [0]
 15 [0]
 16 [0]
 17 [0]
 18 [0]
 19 [0]
 20 [0]
 21 [0]
 22 [0]
 23 [0]
 24 [0]
 25 [0]
 26 [0]
 27 [0]
 28 [0]
 29 [0]
 30 [0]
 31 [0]
 32 [0]
 33 [0]
 34 [0]
 35 [0]
 36 [0]
 37 [0]
 38 [0]
 39 [0]
 40 [0]
 41 [0]
 42 [0]
 43 [0]
 44 [0]
 45 [0]
 46 [0]
 47 [0]
 48 [0]
 49 [0]
-----End of the current print-----
  0 [269488144]
  1 [1684300900]
  2 [1684300900]
  3 [1684300900]
  4 [125269879] - Current cell
  5 [125269879]
  6 [0]
  7 [0]
  8 [0]
  9 [0]
 10 [0]
 11 [0]
 12 [0]
 13 [0]
 14 [0]
 15 [0]
 16 [0]
 17 [0]
 18 [0]
 19 [0]
 20 [0]
 21 [0]
 22 [0]
 23 [0]
 24 [0]
 25 [0]
 26 [0]
 27 [0]
 28 [0]
 29 [0]
 30 [0]
 31 [0]
 32 [0]
 33 [0]
 34 [0]
 35 [0]
 36 [0]
 37 [0]
 38 [0]
 39 [0]
 40 [0]
 41 [0]
 42 [0]
 43 [0]
 44 [0]
 45 [0]
 46 [0]
 47 [0]
 48 [0]
 49 [0]
-----End of the current print-----
  0 [269488144]
  1 [1684300900]
  2 [1684300900]
  3 [1684300900]
  4 [125269879] - Current cell
  5 [125269879]
  6 [0]
  7 [0]
  8 [0]
  9 [0]
 10 [0]
 11 [0]
 12 [0]
 13 [0]
 14 [0]
 15 [0]
 16 [0]
 17 [0]
 18 [0]
 19 [0]
 20 [0]
 21 [0]
 22 [0]
 23 [0]
 24 [0]
 25 [0]
 26 [0]
 27 [0]
 28 [0]
 29 [0]
 30 [0]
 31 [0]
 32 [0]
 33 [0]
 34 [0]
 35 [0]
 36 [0]
 37 [0]
 38 [0]
 39 [0]
 40 [0]
 41 [0]
 42 [0]
 43 [0]
 44 [0]
 45 [0]
 46 [0]
 47 [0]
 48 [0]
 49 [0]
-----End of the current print-----
  0 [269488144]
  1 [1684300900]
  2 [1684300900]
  3 [1684300900]
  4 [125269879] - Current cell
  5 [125269879]
  6 [0]
  7 [0]
  8 [0]
  9 [0]
 10 [0]
 11 [0]
 12 [0]
 13 [0]
 14 [0]
 15 [0]
 16 [0]
 17 [0]
 18 [0]
 19 [0]
 20 [0]
 21 [0]
 22 [0]
 23 [0]
 24 [0]
 25 [0]
 26 [0]
 27 [0]
 28 [0]
 29 [0]
 30 [0]
 31 [0]
 32 [0]
 33 [0]
 34 [0]
 35 [0]
 36 [0]
 37 [0]
 38 [0]
 39 [0]
 40 [0]
 41 [0]
 42 [0]
 43 [0]
 44 [0]
 45 [0]
 46 [0]
 47 [0]
 48 [0]
 49 [0]
-----End of the current print-----
  0 [269488144]
  1 [1684300900]
  2 [1684300900]
  3 [1684300900]
  4 [125269879] - Current cell
  5 [125269879]
  6 [0]
  7 [0]
  8 [0]
  9 [0]
 10 [0]
 11 [0]
 12 [0]
 13 [0]
 14 [0]
 15 [0]
 16 [0]
 17 [0]
 18 [0]
 19 [0]
 20 [0]
 21 [0]
 22 [0]
 23 [0]
 24 [0]
 25 [0]
 26 [0]
 27 [0]
 28 [0]
 29 [0]
 30 [0]
 31 [0]
 32 [0]
 33 [0]
 34 [0]
 35 [0]
 36 [0]
 37 [0]
 38 [0]
 39 [0]
 40 [0]
 41 [0]
 42 [0]
 43 [0]
 44 [0]
 45 [0]
 46 [0]
 47 [0]
 48 [0]
 49 [0]
-----End of the current print-----
  0 [269488144]
  1 [1684300900]
  2 [1684300900]
  3 [1684300900]
  4 [125269879] - Current cell
  5 [125269879]
  6 [0]
  7 [0]
  8 [0]
  9 [0]
 10 [0]
 11 [0]
 12 [0]
 13 [0]
 14 [0]
 15 [0]
 16 [0]
 17 [0]
 18 [0]
 19 [0]
 20 [0]
 21 [0]
 22 [0]
 23 [0]
 24 [0]
 25 [0]
 26 [0]
 27 [0]
 28 [0]
 29 [0]
 30 [0]
 31 [0]
 32 [0]
 33 [0]
 34 [0]
 35 [0]
 36 [0]
 37 [0]
 38 [0]
 39 [0]
 40 [0]
 41 [0]
 42 [0]
 43 [0]
 44 [0]
 45 [0]
 46 [0]
 47 [0]
 48 [0]
 49 [0]
-----End of the current print-----
  0 [269488144]
  1 [1684300900]
  2 [1684300900]
  3 [1684300900]
  4 [125269879] - Current cell
  5 [125269879]
  6 [0]
  7 [0]
  8 [0]
  9 [0]
 10 [0]
 11 [0]
 12 [0]
 13 [0]
 14 [0]
 15 [0]
 16 [0]
 17 [0]
 18 [0]
 19 [0]
 20 [0]
 21 [0]
 22 [0]
 23 [0]
 24 [0]
 25 [0]
 26 [0]
 27 [0]
 28 [0]
 29 [0]
 30 [0]
 31 [0]
 32 [0]
 33 [0]
 34 [0]
 35 [0]
 36 [0]
 37 [0]
 38 [0]
 39 [0]
 40 [0]
 41 [0]
 42 [0]
 43 [0]
 44 [0]
 45 [0]
 46 [0]
 47 [0]
 48 [0]
 49 [0]
-----End of the current print-----
  0 [269488144]
  1 [1684300900]
  2 [1684300900]
  3 [1684300900]
  4 [125269879] - Current cell
  5 [125269879]
  6 [0]
  7 [0]
  8 [0]
  9 [0]
 10 [0]
 11 [0]
 12 [0]
 13 [0]
 14 [0]
 15 [0]
 16 [0]
 17 [0]
 18 [0]
 19 [0]
 20 [0]
 21 [0]
 22 [0]
 23 [0]
 24 [0]
 25 [0]
 26 [0]
 27 [0]
 28 [0]
 29 [0]
 30 [0]
 31 [0]
 32 [0]
 33 [0]
 34 [0]
 35 [0]
 36 [0]
 37 [0]
 38 [0]
 39 [0]
 40 [0]
 41 [0]
 42 [0]
 43 [0]
 44 [0]
 45 [0]
 46 [0]
 47 [0]
 48 [0]
 49 [0]
-----End of the current print-----
  0 [269488144]
  1 [1684300900]
  2 [1684300900]
  3 [1684300900]
  4 [125269879] - Current cell
  5 [125269879]
  6 [0]
  7 [0]
  8 [0]
  9 [0]
 10 [0]
 11 [0]
 12 [0]
 13 [0]
 14 [0]
 15 [0]
 16 [0]
 17 [0]
 18 [0]
 19 [0]
 20 [0]
 21 [0]
 22 [0]
 23 [0]
 24 [0]
 25 [0]
 26 [0]
 27 [0]
 28 [0]
 29 [0]
 30 [0]
 31 [0]
 32 [0]
 33 [0]
 34 [0]
 35 [0]
 36 [0]
 37 [0]
 38 [0]
 39 [0]
 40 [0]
 41 [0]
 42 [0]
 43 [0]
 44 [0]
 45 [0]
 46 [0]
 47 [0]
 48 [0]
 49 [0]
-----End of the current print-----
  0 [269488144]
  1 [1684300900]
  2 [1684300900]
  3 [1684300900]
  4 [1684300900]
  5 [125269879] - Current cell
  6 [125269879]
  7 [0]
  8 [0]
  9 [0]
 10 [0]
 11 [0]
 12 [0]
 13 [0]
 14 [0]
 15 [0]
 16 [0]
 17 [0]
 18 [0]
 19 [0]
 20 [0]
 21 [0]
 22 [0]
 23 [0]
 24 [0]
 25 [0]
 26 [0]
 27 [0]
 28 [0]
 29 [0]
 30 [0]
 31 [0]
 32 [0]
 33 [0]
 34 [0]
 35 [0]
 36 [0]
 37 [0]
 38 [0]
 39 [0]
 40 [0]
 41 [0]
 42 [0]
 43 [0]
 44 [0]
 45 [0]
 46 [0]
 47 [0]
 48 [0]
 49 [0]
-----End of the current print-----
  0 [269488144]
  1 [1684300900]
  2 [1684300900]
  3 [1684300900]
  4 [1684300900]
  5 [125269879] - Current cell
  6 [125269879]
  7 [0]
  8 [0]
  9 [0]
 10 [0]
 11 [0]
 12 [0]
 13 [0]
 14 [0]
 15 [0]
 16 [0]
 17 [0]
 18 [0]
 19 [0]
 20 [0]
 21 [0]
 22 [0]
 23 [0]
 24 [0]
 25 [0]
 26 [0]
 27 [0]
 28 [0]
 29 [0]
 30 [0]
 31 [0]
 32 [0]
 33 [0]
 34 [0]
 35 [0]
 36 [0]
 37 [0]
 38 [0]
 39 [0]
 40 [0]
 41 [0]
 42 [0]
 43 [0]
 44 [0]
 45 [0]
 46 [0]
 47 [0]
 48 [0]
 49 [0]
-----End of the current print-----
  0 [269488144]
  1 [1684300900]
  2 [1684300900]
  3 [1684300900]
  4 [1684300900]
  5 [125269879] - Current cell
  6 [125269879]
  7 [0]
  8 [0]
  9 [0]
 10 [0]
 11 [0]
 12 [0]
 13 [0]
 14 [0]
 15 [0]
 16 [0]
 17 [0]
 18 [0]
 19 [0]
 20 [0]
 21 [0]
 22 [0]
 23 [0]
 24 [0]
 25 [0]
 26 [0]
 27 [0]
 28 [0]
 29 [0]
 30 [0]
 31 [0]
 32 [0]
 33 [0]
 34 [0]
 35 [0]
 36 [0]
 37 [0]
 38 [0]
 39 [0]
 40 [0]
 41 [0]
 42 [0]
 43 [0]
 44 [0]
 45 [0]
 46 [0]
 47 [0]
 48 [0]
 49 [0]
-----End of the current print-----
  0 [269488144]
  1 [1684300900]
  2 [1684300900]
  3 [1684300900]
  4 [1684300900]
  5 [1684300900]
  6 [1684300900]
  7 [1684300900]
  8 [125269879] - Current cell
  9 [125269879]
 10 [125269879]
 11 [0]
 12 [0]
 13 [0]
 14 [0]
 15 [0]
 16 [0]
 17 [0]
 18 [0]
 19 [0]
 20 [0]
 21 [0]
 22 [0]
 23 [0]
 24 [0]
 25 [0]
 26 [0]
 27 [0]
 28 [0]
 29 [0]
 30 [0]
 31 [0]
 32 [0]
 33 [0]
 34 [0]
 35 [0]
 36 [0]
 37 [0]
 38 [0]
 39 [0]
 40 [0]
 41 [0]
 42 [0]
 43 [0]
 44 [0]
 45 [0]
 46 [0]
 47 [0]
 48 [0]
 49 [0]
-----End of the current print-----
  0 [269488144]
  1 [1684300900]
  2 [1684300900]
  3 [1684300900]
  4 [1684300900]
  5 [1684300900]
  6 [1684300900]
  7 [1684300900]
  8 [125269879] - Current cell
  9 [125269879]
 10 [125269879]
 11 [0]
 12 [0]
 13 [0]
 14 [0]
 15 [0]
 16 [0]
 17 [0]
 18 [0]
 19 [0]
 20 [0]
 21 [0]
 22 [0]
 23 [0]
 24 [0]
 25 [0]
 26 [0]
 27 [0]
 28 [0]
 29 [0]
 30 [0]
 31 [0]
 32 [0]
 33 [0]
 34 [0]
 35 [0]
 36 [0]
 37 [0]
 38 [0]
 39 [0]
 40 [0]
 41 [0]
 42 [0]
 43 [0]
 44 [0]
 45 [0]
 46 [0]
 47 [0]
 48 [0]
 49 [0]
-----End of the current print-----
  0 [269488144]
  1 [1684300900]
  2 [1684300900]
  3 [1684300900]
  4 [1684300900]
  5 [125269879] - Current cell
  6 [125269879]
  7 [0]
  8 [0]
  9 [0]
 10 [0]
 11 [0]
 12 [0]
 13 [0]
 14 [0]
 15 [0]
 16 [0]
 17 [0]
 18 [0]
 19 [0]
 20 [0]
 21 [0]
 22 [0]
 23 [0]
 24 [0]
 25 [0]
 26 [0]
 27 [0]
 28 [0]
 29 [0]
 30 [0]
 31 [0]
 32 [0]
 33 [0]
 34 [0]
 35 [0]
 36 [0]
 37 [0]
 38 [0]
 39 [0]
 40 [0]
 41 [0]
 42 [0]
 43 [0]
 44 [0]
 45 [0]
 46 [0]
 47 [0]
 48 [0]
 49 [0]
-----End of the current print-----
  0 [269488144]
  1 [1684300900]
  2 [1684300900]
  3 [1684300900]
  4 [1684300900]
  5 [125269879] - Current cell
  6 [125269879]
  7 [0]
  8 [0]
  9 [0]
 10 [0]
 11 [0]
 12 [0]
 13 [0]
 14 [0]
 15 [0]
 16 [0]
 17 [0]
 18 [0]
 19 [0]
 20 [0]
 21 [0]
 22 [0]
 23 [0]
 24 [0]
 25 [0]
 26 [0]
 27 [0]
 28 [0]
 29 [0]
 30 [0]
 31 [0]
 32 [0]
 33 [0]
 34 [0]
 35 [0]
 36 [0]
 37 [0]
 38 [0]
 39 [0]
 40 [0]
 41 [0]
 42 [0]
 43 [0]
 44 [0]
 45 [0]
 46 [0]
 47 [0]
 48 [0]
 49 [0]
-----End of the current print-----
  0 [269488144]
  1 [1684300900]
  2 [1684300900]
  3 [1684300900]
  4 [1684300900]
  5 [125269879] - Current cell
  6 [125269879]
  7 [0]
  8 [0]
  9 [0]
 10 [0]
 11 [0]
 12 [0]
 13 [0]
 14 [0]
 15 [0]
 16 [0]
 17 [0]
 18 [0]
 19 [0]
 20 [0]
 21 [0]
 22 [0]
 23 [0]
 24 [0]
 25 [0]
 26 [0]
 27 [0]
 28 [0]
 29 [0]
 30 [0]
 31 [0]
 32 [0]
 33 [0]
 34 [0]
 35 [0]
 36 [0]
 37 [0]
 38 [0]
 39 [0]
 40 [0]
 41 [0]
 42 [0]
 43 [0]
 44 [0]
 45 [0]
 46 [0]
 47 [0]
 48 [0]
 49 [0]
-----End of the current print-----
  0 [269488144]
  1 [1684300900]
  2 [1684300900]
  3 [1684300900]
  4 [1684300900]
  5 [1684300900]
  6 [1684300900]
  7 [1684300900]
  8 [125269879] - Current cell
  9 [125269879]
 10 [125269879]
 11 [0]
 12 [0]
 13 [0]
 14 [0]
 15 [0]
 16 [0]
 17 [0]
 18 [0]
 19 [0]
 20 [0]
 21 [0]
 22 [0]
 23 [0]
 24 [0]
 25 [0]
 26 [0]
 27 [0]
 28 [0]
 29 [0]
 30 [0]
 31 [0]
 32 [0]
 33 [0]
 34 [0]
 35 [0]
 36 [0]
 37 [0]
 38 [0]
 39 [0]
 40 [0]
 41 [0]
 42 [0]
 43 [0]
 44 [0]
 45 [0]
 46 [0]
 47 [0]
 48 [0]
 49 [0]
-----End of the current print-----
  0 [269488144]
  1 [1684300900]
  2 [1684300900]
  3 [1684300900]
  4 [1684300900]
  5 [1684300900]
  6 [1684300900]
  7 [1684300900]
  8 [125269879] - Current cell
  9 [125269879]
 10 [125269879]
 11 [0]
 12 [0]
 13 [0]
 14 [0]
 15 [0]
 16 [0]
 17 [0]
 18 [0]
 19 [0]
 20 [0]
 21 [0]
 22 [0]
 23 [0]
 24 [0]
 25 [0]
 26 [0]
 27 [0]
 28 [0]
 29 [0]
 30 [0]
 31 [0]
 32 [0]
 33 [0]
 34 [0]
 35 [0]
 36 [0]
 37 [0]
 38 [0]
 39 [0]
 40 [0]
 41 [0]
 42 [0]
 43 [0]
 44 [0]
 45 [0]
 46 [0]
 47 [0]
 48 [0]
 49 [0]
-----End of the current print-----
  0 [269488144]
  1 [1684300900]
  2 [1684300900]
  3 [1684300900]
  4 [1684300900]
  5 [1684300900]
  6 [1684300900]
  7 [1684300900]
  8 [125269879] - Current cell
  9 [125269879]
 10 [125269879]
 11 [0]
 12 [0]
 13 [0]
 14 [0]
 15 [0]
 16 [0]
 17 [0]
 18 [0]
 19 [0]
 20 [0]
 21 [0]
 22 [0]
 23 [0]
 24 [0]
 25 [0]
 26 [0]
 27 [0]
 28 [0]
 29 [0]
 30 [0]
 31 [0]
 32 [0]
 33 [0]
 34 [0]
 35 [0]
 36 [0]
 37 [0]
 38 [0]
 39 [0]
 40 [0]
 41 [0]
 42 [0]
 43 [0]
 44 [0]
 45 [0]
 46 [0]
 47 [0]
 48 [0]
 49 [0]
-----End of the current print-----
  0 [269488144]
  1 [1684300900]
  2 [1684300900]
  3 [1684300900]
  4 [1684300900]
  5 [1684300900]
  6 [1684300900]
  7 [1684300900]
  8 [125269879] - Current cell
  9 [125269879]
 10 [125269879]
 11 [0]
 12 [0]
 13 [0]
 14 [0]
 15 [0]
 16 [0]
 17 [0]
 18 [0]
 19 [0]
 20 [0]
 21 [0]
 22 [0]
 23 [0]
 24 [0]
 25 [0]
 26 [0]
 27 [0]
 28 [0]
 29 [0]
 30 [0]
 31 [0]
 32 [0]
 33 [0]
 34 [0]
 35 [0]
 36 [0]
 37 [0]
 38 [0]
 39 [0]
 40 [0]
 41 [0]
 42 [0]
 43 [0]
 44 [0]
 45 [0]
 46 [0]
 47 [0]
 48 [0]
 49 [0]
-----End of the current print-----
  0 [269488144]
  1 [1684300900]
  2 [1684300900]
  3 [1684300900]
  4 [1684300900]
  5 [1684300900]
  6 [1684300900]
  7 [1684300900]
  8 [125269879] - Current cell
  9 [125269879]
 10 [125269879]
 11 [0]
 12 [0]
 13 [0]
 14 [0]
 15 [0]
 16 [0]
 17 [0]
 18 [0]
 19 [0]
 20 [0]
 21 [0]
 22 [0]
 23 [0]
 24 [0]
 25 [0]
 26 [0]
 27 [0]
 28 [0]
 29 [0]
 30 [0]
 31 [0]
 32 [0]
 33 [0]
 34 [0]
 35 [0]
 36 [0]
 37 [0]
 38 [0]
 39 [0]
 40 [0]
 41 [0]
 42 [0]
 43 [0]
 44 [0]
 45 [0]
 46 [0]
 47 [0]
 48 [0]
 49 [0]
-----End of the current print-----
  0 [269488144]
  1 [1684300900]
  2 [1684300900]
  3 [1684300900]
  4 [1684300900]
  5 [1684300900]
  6 [1684300900]
  7 [1684300900]
  8 [125269879] - Current cell
  9 [125269879]
 10 [125269879]
 11 [0]
 12 [0]
 13 [0]
 14 [0]
 15 [0]
 16 [0]
 17 [0]
 18 [0]
 19 [0]
 20 [0]
 21 [0]
 22 [0]
 23 [0]
 24 [0]
 25 [0]
 26 [0]
 27 [0]
 28 [0]
 29 [0]
 30 [0]
 31 [0]
 32 [0]
 33 [0]
 34 [0]
 35 [0]
 36 [0]
 37 [0]
 38 [0]
 39 [0]
 40 [0]
 41 [0]
 42 [0]
 43 [0]
 44 [0]
 45 [0]
 46 [0]
 47 [0]
 48 [0]
 49 [0]
-----End of the current print-----
  0 [269488144]
  1 [1684300900]
  2 [1684300900]
  3 [1684300900]
  4 [1684300900]
  5 [125269879] - Current cell
  6 [125269879]
  7 [0]
  8 [0]
  9 [0]
 10 [0]
 11 [0]
 12 [0]
 13 [0]
 14 [0]
 15 [0]
 16 [0]
 17 [0]
 18 [0]
 19 [0]
 20 [0]
 21 [0]
 22 [0]
 23 [0]
 24 [0]
 25 [0]
 26 [0]
 27 [0]
 28 [0]
 29 [0]
 30 [0]
 31 [0]
 32 [0]
 33 [0]
 34 [0]
 35 [0]
 36 [0]
 37 [0]
 38 [0]
 39 [0]
 40 [0]
 41 [0]
 42 [0]
 43 [0]
 44 [0]
 45 [0]
 46 [0]
 47 [0]
 48 [0]
 49 [0]
-----End of the current print-----
  0 [269488144]
  1 [1684300900]
  2 [1684300900]
  3 [1684300900]
  4 [1684300900]
  5 [125269879] - Current cell
  6 [125269879]
  7 [0]
  8 [0]
  9 [0]
 10 [0]
 11 [0]
 12 [0]
 13 [0]
 14 [0]
 15 [0]
 16 [0]
 17 [0]
 18 [0]
 19 [0]
 20 [0]
 21 [0]
 22 [0]
 23 [0]
 24 [0]
 25 [0]
 26 [0]
 27 [0]
 28 [0]
 29 [0]
 30 [0]
 31 [0]
 32 [0]
 33 [0]
 34 [0]
 35 [0]
 36 [0]
 37 [0]
 38 [0]
 39 [0]
 40 [0]
 41 [0]
 42 [0]
 43 [0]
 44 [0]
 45 [0]
 46 [0]
 47 [0]
 48 [0]
 49 [0]
-----End of the current print-----
  0 [269488144]
  1 [1684300900]
  2 [1684300900]
  3 [1684300900]
  4 [1684300900]
  5 [125269879] - Current cell
  6 [125269879]
  7 [0]
  8 [0]
  9 [0]
 10 [0]
 11 [0]
 12 [0]
 13 [0]
 14 [0]
 15 [0]
 16 [0]
 17 [0]
 18 [0]
 19 [0]
 20 [0]
 21 [0]
 22 [0]
 23 [0]
 24 [0]
 25 [0]
 26 [0]
 27 [0]
 28 [0]
 29 [0]
 30 [0]
 31 [0]
 32 [0]
 33 [0]
 34 [0]
 35 [0]
 36 [0]
 37 [0]
 38 [0]
 39 [0]
 40 [0]
 41 [0]
 42 [0]
 43 [0]
 44 [0]
 45 [0]
 46 [0]
 47 [0]
 48 [0]
 49 [0]
-----End of the current print-----
  0 [269488144]
  1 [1684300900]
  2 [1684300900]
  3 [1684300900]
  4 [1684300900]
  5 [200]
  6 [1684300900]
  7 [1684300900]
  8 [125269879] - Current cell
  9 [125269879]
 10 [125269879]
 11 [0]
 12 [0]
 13 [0]
 14 [0]
 15 [0]
 16 [0]
 17 [0]
 18 [0]
 19 [0]
 20 [0]
 21 [0]
 22 [0]
 23 [0]
 24 [0]
 25 [0]
 26 [0]
 27 [0]
 28 [0]
 29 [0]
 30 [0]
 31 [0]
 32 [0]
 33 [0]
 34 [0]
 35 [0]
 36 [0]
 37 [0]
 38 [0]
 39 [0]
 40 [0]
 41 [0]
 42 [0]
 43 [0]
 44 [0]
 45 [0]
 46 [0]
 47 [0]
 48 [0]
 49 [0]
-----End of the current print-----
  0 [269488144]
  1 [1684300900]
  2 [1684300900]
  3 [1684300900]
  4 [1684300900]
  5 [1684300900]
  6 [1684300900]
  7 [125269879] - Current cell
  8 [125269879]
  9 [125269879]
 10 [0]
 11 [0]
 12 [0]
 13 [0]
 14 [0]
 15 [0]
 16 [0]
 17 [0]
 18 [0]
 19 [0]
 20 [0]
 21 [0]
 22 [0]
 23 [0]
 24 [0]
 25 [0]
 26 [0]
 27 [0]
 28 [0]
 29 [0]
 30 [0]
 31 [0]
 32 [0]
 33 [0]
 34 [0]
 35 [0]
 36 [0]
 37 [0]
 38 [0]
 39 [0]
 40 [0]
 41 [0]
 42 [0]
 43 [0]
 44 [0]
 45 [0]
 46 [0]
 47 [0]
 48 [0]
 49 [0]
-----End of the current print-----
  0 [269488144]
  1 [1684300900]
  2 [1684300900]
  3 [1684300900]
  4 [1684300900]
  5 [1684300900]
  6 [1684300900]
  7 [125269879] - Current cell
  8 [125269879]
  9 [125269879]
 10 [0]
 11 [0]
 12 [0]
 13 [0]
 14 [0]
 15 [0]
 16 [0]
 17 [0]
 18 [0]
 19 [0]
 20 [0]
 21 [0]
 22 [0]
 23 [0]
 24 [0]
 25 [0]
 26 [0]
 27 [0]
 28 [0]
 29 [0]
 30 [0]
 31 [0]
 32 [0]
 33 [0]
 34 [0]
 35 [0]
 36 [0]
 37 [0]
 38 [0]
 39 [0]
 40 [0]
 41 [0]
 42 [0]
 43 [0]
 44 [0]
 45 [0]
 46 [0]
 47 [0]
 48 [0]
 49 [0]
-----End of the current print-----
  0 [269488144]
  1 [1684300900]
  2 [1684300900]
  3 [1684300900]
  4 [1684300900]
  5 [1684300900]
  6 [1684300900]
  7 [125269879] - Current cell
  8 [125269879]
  9 [125269879]
 10 [0]
 11 [0]
 12 [0]
 13 [0]
 14 [0]
 15 [0]
 16 [0]
 17 [0]
 18 [0]
 19 [0]
 20 [0]
 21 [0]
 22 [0]
 23 [0]
 24 [0]
 25 [0]
 26 [0]
 27 [0]
 28 [0]
 29 [0]
 30 [0]
 31 [0]
 32 [0]
 33 [0]
 34 [0]
 35 [0]
 36 [0]
 37 [0]
 38 [0]
 39 [0]
 40 [0]
 41 [0]
 42 [0]
 43 [0]
 44 [0]
 45 [0]
 46 [0]
 47 [0]
 48 [0]
 49 [0]
-----End of the current print-----
  0 [269488144]
  1 [1684300900]
  2 [1684300900]
  3 [1684300900]
  4 [1684300900]
  5 [1684300900]
  6 [1684300900]
  7 [125269879] - Current cell
  8 [125269879]
  9 [125269879]
 10 [0]
 11 [0]
 12 [0]
 13 [0]
 14 [0]
 15 [0]
 16 [0]
 17 [0]
 18 [0]
 19 [0]
 20 [0]
 21 [0]
 22 [0]
 23 [0]
 24 [0]
 25 [0]
 26 [0]
 27 [0]
 28 [0]
 29 [0]
 30 [0]
 31 [0]
 32 [0]
 33 [0]
 34 [0]
 35 [0]
 36 [0]
 37 [0]
 38 [0]
 39 [0]
 40 [0]
 41 [0]
 42 [0]
 43 [0]
 44 [0]
 45 [0]
 46 [0]
 47 [0]
 48 [0]
 49 [0]
-----End of the current print-----
  0 [269488144]
  1 [1684300900]
  2 [1684300900]
  3 [1684300900]
  4 [1684300900]
  5 [1684300900]
  6 [1684300900]
  7 [125269879] - Current cell
  8 [125269879]
  9 [125269879]
 10 [0]
 11 [0]
 12 [0]
 13 [0]
 14 [0]
 15 [0]
 16 [0]
 17 [0]
 18 [0]
 19 [0]
 20 [0]
 21 [0]
 22 [0]
 23 [0]
 24 [0]
 25 [0]
 26 [0]
 27 [0]
 28 [0]
 29 [0]
 30 [0]
 31 [0]
 32 [0]
 33 [0]
 34 [0]
 35 [0]
 36 [0]
 37 [0]
 38 [0]
 39 [0]
 40 [0]
 41 [0]
 42 [0]
 43 [0]
 44 [0]
 45 [0]
 46 [0]
 47 [0]
 48 [0]
 49 [0]
-----End of the current print-----
  0 [269488144]
  1 [1684300900]
  2 [1684300900]
  3 [1684300900]
  4 [1684300900]
  5 [1684300900]
  6 [1684300900]
  7 [125269879] - Current cell
  8 [125269879]
  9 [125269879]
 10 [0]
 11 [0]
 12 [0]
 13 [0]
 14 [0]
 15 [0]
 16 [0]
 17 [0]
 18 [0]
 19 [0]
 20 [0]
 21 [0]
 22 [0]
 23 [0]
 24 [0]
 25 [0]
 26 [0]
 27 [0]
 28 [0]
 29 [0]
 30 [0]
 31 [0]
 32 [0]
 33 [0]
 34 [0]
 35 [0]
 36 [0]
 37 [0]
 38 [0]
 39 [0]
 40 [0]
 41 [0]
 42 [0]
 43 [0]
 44 [0]
 45 [0]
 46 [0]
 47 [0]
 48 [0]
 49 [0]
-----End of the current print-----
  0 [269488144]
  1 [1684300900]
  2 [1684300900]
  3 [1684300900]
  4 [1684300900]
  5 [1684300900]
  6 [1684300900]
  7 [125269879] - Current cell
  8 [125269879]
  9 [125269879]
 10 [0]
 11 [0]
 12 [0]
 13 [0]
 14 [0]
 15 [0]
 16 [0]
 17 [0]
 18 [0]
 19 [0]
 20 [0]
 21 [0]
 22 [0]
 23 [0]
 24 [0]
 25 [0]
 26 [0]
 27 [0]
 28 [0]
 29 [0]
 30 [0]
 31 [0]
 32 [0]
 33 [0]
 34 [0]
 35 [0]
 36 [0]
 37 [0]
 38 [0]
 39 [0]
 40 [0]
 41 [0]
 42 [0]
 43 [0]
 44 [0]
 45 [0]
 46 [0]
 47 [0]
 48 [0]
 49 [0]
-----End of the current print-----
  0 [269488144]
  1 [1684300900]
  2 [1684300900]
  3 [1684300900]
  4 [100]
  5 [200]
  6 [200]
  7 [400]
  8 [100]
  9 [200]
 10 [1684300900]
 11 [1684300900]
 12 [1684300900]
 13 [125269879] - Current cell
 14 [125269879]
 15 [125269879]
 16 [0]
 17 [0]
 18 [0]
 19 [0]
 20 [0]
 21 [0]
 22 [0]
 23 [0]
 24 [0]
 25 [0]
 26 [0]
 27 [0]
 28 [0]
 29 [0]
 30 [0]
 31 [0]
 32 [0]
 33 [0]
 34 [0]
 35 [0]
 36 [0]
 37 [0]
 38 [0]
 39 [0]
 40 [0]
 41 [0]
 42 [0]
 43 [0]
 44 [0]
 45 [0]
 46 [0]
 47 [0]
 48 [0]
 49 [0]
-----End of the current print-----
  0 [269488144]
  1 [1684300900]
  2 [1684300900]
  3 [1684300900]
  4 [100]
  5 [900]
  6 [200]
  7 [3300]
  8 [100]
  9 [200]
 10 [1684300900]
 11 [1684300900]
 12 [1684300900]
 13 [125269879] - Current cell
 14 [125269879]
 15 [125269879]
 16 [0]
 17 [0]
 18 [0]
 19 [0]
 20 [0]
 21 [0]
 22 [0]
 23 [0]
 24 [0]
 25 [0]
 26 [0]
 27 [0]
 28 [0]
 29 [0]
 30 [0]
 31 [0]
 32 [0]
 33 [0]
 34 [0]
 35 [0]
 36 [0]
 37 [0]
 38 [0]
 39 [0]
 40 [0]
 41 [0]
 42 [0]
 43 [0]
 44 [0]
 45 [0]
 46 [0]
 47 [0]
 48 [0]
 49 [0]
-----End of the current print-----
  0 [269488144]
  1 [1684300900]
  2 [1684300900]
  3 [1684300900]
  4 [100]
  5 [900]
  6 [200]
  7 [3300]
  8 [100]
  9 [200]
 10 [1684300900]
 11 [1684300900]
 12 [1684300900]
 13 [125269879] - Current cell
 14 [125269879]
 15 [125269879]
 16 [0]
 17 [0]
 18 [0]
 19 [0]
 20 [0]
 21 [0]
 22 [0]
 23 [0]
 24 [0]
 25 [0]
 26 [0]
 27 [0]
 28 [0]
 29 [0]
 30 [0]
 31 [0]
 32 [0]
 33 [0]
 34 [0]
 35 [0]
 36 [0]
 37 [0]
 38 [0]
 39 [0]
 40 [0]
 41 [0]
 42 [0]
 43 [0]
 44 [0]
 45 [0]
 46 [0]
 47 [0]
 48 [0]
 49 [0]
-----End of the current print-----
  0 [269488144]
  1 [1684300900]
  2 [1684300900]
  3 [1684300900]
  4 [100]
  5 [100]
  6 [200]
  7 [-10000]
  8 [100]
  9 [500]
 10 [1684300900]
 11 [1684300900]
 12 [1684300900]
 13 [125269879] - Current cell
 14 [125269879]
 15 [125269879]
 16 [0]
 17 [0]
 18 [0]
 19 [0]
 20 [0]
 21 [0]
 22 [0]
 23 [0]
 24 [0]
 25 [0]
 26 [0]
 27 [0]
 28 [0]
 29 [0]
 30 [0]
 31 [0]
 32 [0]
 33 [0]
 34 [0]
 35 [0]
 36 [0]
 37 [0]
 38 [0]
 39 [0]
 40 [0]
 41 [0]
 42 [0]
 43 [0]
 44 [0]
 45 [0]
 46 [0]
 47 [0]
 48 [0]
 49 [0]
-----End of the current print-----
  0 [269488144]
  1 [1684300900]
  2 [1684300900]
  3 [1684300900]
  4 [300]
  5 [600]
  6 [125269879] - Current cell
  7 [0]
  8 [0]
  9 [0]
 10 [0]
 11 [0]
 12 [0]
 13 [0]
 14 [0]
 15 [0]
 16 [0]
 17 [0]
 18 [0]
 19 [0]
 20 [0]
 21 [0]
 22 [0]
 23 [0]
 24 [0]
 25 [0]
 26 [0]
 27 [0]
 28 [0]
 29 [0]
 30 [0]
 31 [0]
 32 [0]
 33 [0]
 34 [0]
 35 [0]
 36 [0]
 37 [0]
 38 [0]
 39 [0]
 40 [0]
 41 [0]
 42 [0]
 43 [0]
 44 [0]
 45 [0]
 46 [0]
 47 [0]
 48 [0]
 49 [0]
-----End of the current print-----
  0 [269488144]
  1 [1684300900]
  2 [300]
  3 [400]
  4 [125269879] - Current cell
  5 [0]
  6 [0]
  7 [0]
  8 [0]
  9 [0]
 10 [0]
 11 [0]
 12 [0]
 13 [0]
 14 [0]
 15 [0]
 16 [0]
 17 [0]
 18 [0]
 19 [0]
 20 [0]
 21 [0]
 22 [0]
 23 [0]
 24 [0]
 25 [0]
 26 [0]
 27 [0]
 28 [0]
 29 [0]
 30 [0]
 31 [0]
 32 [0]
 33 [0]
 34 [0]
 35 [0]
 36 [0]
 37 [0]
 38 [0]
 39 [0]
 40 [0]
 41 [0]
 42 [0]
 43 [0]
 44 [0]
 45 [0]
 46 [0]
 47 [0]
 48 [0]
 49 [0]
-----End of the current print-----
  0 [269488144]
  1 [1684300900]
  2 [300]
  3 [125269879] - Current cell
  4 [0]
  5 [0]
  6 [0]
  7 [0]
  8 [0]
  9 [0]
 10 [0]
 11 [0]
 12 [0]
 13 [0]
 14 [0]
 15 [0]
 16 [0]
 17 [0]
 18 [0]
 19 [0]
 20 [0]
 21 [0]
 22 [0]
 23 [0]
 24 [0]
 25 [0]
 26 [0]
 27 [0]
 28 [0]
 29 [0]
 30 [0]
 31 [0]
 32 [0]
 33 [0]
 34 [0]
 35 [0]
 36 [0]
 37 [0]
 38 [0]
 39 [0]
 40 [0]
 41 [0]
 42 [0]
 43 [0]
 44 [0]
 45 [0]
 46 [0]
 47 [0]
 48 [0]
 49 [0]
-----End of the current print-----
  0 [269488144]
  1 [1684300900]
  2 [1684300900]
  3 [1684300900]
  4 [100]
  5 [200]
  6 [100]
  7 [1684300900]
  8 [1684300900]
  9 [1684300900]
 10 [125269879] - Current cell
 11 [125269879]
 12 [125269879]
 13 [0]
 14 [0]
 15 [0]
 16 [0]
 17 [0]
 18 [0]
 19 [0]
 20 [0]
 21 [0]
 22 [0]
 23 [0]
 24 [0]
 25 [0]
 26 [0]
 27 [0]
 28 [0]
 29 [0]
 30 [0]
 31 [0]
 32 [0]
 33 [0]
 34 [0]
 35 [0]
 36 [0]
 37 [0]
 38 [0]
 39 [0]
 40 [0]
 41 [0]
 42 [0]
 43 [0]
 44 [0]
 45 [0]
 46 [0]
 47 [0]
 48 [0]
 49 [0]
-----End of the current print-----
  0 [269488144]
  1 [1684300900]
  2 [1684300900]
  3 [1684300900]
  4 [1684300900]
  5 [1684300900]
  6 [1684300900]
  7 [125269879] - Current cell
  8 [125269879]
  9 [125269879]
 10 [0]
 11 [0]
 12 [0]
 13 [0]
 14 [0]
 15 [0]
 16 [0]
 17 [0]
 18 [0]
 19 [0]
 20 [0]
 21 [0]
 22 [0]
 23 [0]
 24 [0]
 25 [0]
 26 [0]
 27 [0]
 28 [0]
 29 [0]
 30 [0]
 31 [0]
 32 [0]
 33 [0]
 34 [0]
 35 [0]
 36 [0]
 37 [0]
 38 [0]
 39 [0]
 40 [0]
 41 [0]
 42 [0]
 43 [0]
 44 [0]
 45 [0]
 46 [0]
 47 [0]
 48 [0]
 49 [0]
-----End of the current print-----
  0 [269488144]
  1 [1684300900]
  2 [1684300900]
  3 [1684300900]
  4 [1684300900]
  5 [1684300900]
  6 [1684300900]
  7 [125269879] - Current cell
  8 [125269879]
  9 [125269879]
 10 [0]
 11 [0]
 12 [0]
 13 [0]
 14 [0]
 15 [0]
 16 [0]
 17 [0]
 18 [0]
 19 [0]
 20 [0]
 21 [0]
 22 [0]
 23 [0]
 24 [0]
 25 [0]
 26 [0]
 27 [0]
 28 [0]
 29 [0]
 30 [0]
 31 [0]
 32 [0]
 33 [0]
 34 [0]
 35 [0]
 36 [0]
 37 [0]
 38 [0]
 39 [0]
 40 [0]
 41 [0]
 42 [0]
 43 [0]
 44 [0]
 45 [0]
 46 [0]
 47 [0]
 48 [0]
 49 [0]
-----End of the current print-----
  0 [269488144]
  1 [1684300900]
  2 [1684300900]
  3 [1684300900]
  4 [1684300900]
  5 [1684300900]
  6 [1684300900]
  7 [125269879] - Current cell
  8 [125269879]
  9 [125269879]
 10 [0]
 11 [0]
 12 [0]
 13 [0]
 14 [0]
 15 [0]
 16 [0]
 17 [0]
 18 [0]
 19 [0]
 20 [0]
 21 [0]
 22 [0]
 23 [0]
 24 [0]
 25 [0]
 26 [0]
 27 [0]
 28 [0]
 29 [0]
 30 [0]
 31 [0]
 32 [0]
 33 [0]
 34 [0]
 35 [0]
 36 [0]
 37 [0]
 38 [0]
 39 [0]
 40 [0]
 41 [0]
 42 [0]
 43 [0]
 44 [0]
 45 [0]
 46 [0]
 47 [0]
 48 [0]
 49 [0]
-----End of the current print-----
  0 [269488144]
  1 [1684300900]
  2 [1684300900]
  3 [1684300900]
  4 [1684300900]
  5 [1684300900]
  6 [1684300900]
  7 [125269879] - Current cell
  8 [125269879]
  9 [125269879]
 10 [0]
 11 [0]
 12 [0]
 13 [0]
 14 [0]
 15 [0]
 16 [0]
 17 [0]
 18 [0]
 19 [0]
 20 [0]
 21 [0]
 22 [0]
 23 [0]
 24 [0]
 25 [0]
 26 [0]
 27 [0]
 28 [0]
 29 [0]
 30 [0]
 31 [0]
 32 [0]
 33 [0]
 34 [0]
 35 [0]
 36 [0]
 37 [0]
 38 [0]
 39 [0]
 40 [0]
 41 [0]
 42 [0]
 43 [0]
 44 [0]
 45 [0]
 46 [0]
 47 [0]
 48 [0]
 49 [0]
-----End of the current print-----
  0 [269488144]
  1 [1684300900]
  2 [1684300900]
  3 [1684300900]
  4 [1684300900]
  5 [1684300900]
  6 [1684300900]
  7 [125269879] - Current cell
  8 [125269879]
  9 [125269879]
 10 [0]
 11 [0]
 12 [0]
 13 [0]
 14 [0]
 15 [0]
 16 [0]
 17 [0]
 18 [0]
 19 [0]
 20 [0]
 21 [0]
 22 [0]
 23 [0]
 24 [0]
 25 [0]
 26 [0]
 27 [0]
 28 [0]
 29 [0]
 30 [0]
 31 [0]
 32 [0]
 33 [0]
 34 [0]
 35 [0]
 36 [0]
 37 [0]
 38 [0]
 39 [0]
 40 [0]
 41 [0]
 42 [0]
 43 [0]
 44 [0]
 45 [0]
 46 [0]
 47 [0]
 48 [0]
 49 [0]
-----End of the current print-----
  0 [269488144]
  1 [1684300900]
  2 [1684300900]
  3 [1684300900]
  4 [1684300900]
  5 [1684300900]
  6 [1684300900]
  7 [125269879] - Current cell
  8 [125269879]
  9 [125269879]
 10 [0]
 11 [0]
 12 [0]
 13 [0]
 14 [0]
 15 [0]
 16 [0]
 17 [0]
 18 [0]
 19 [0]
 20 [0]
 21 [0]
 22 [0]
 23 [0]
 24 [0]
 25 [0]
 26 [0]
 27 [0]
 28 [0]
 29 [0]
 30 [0]
 31 [0]
 32 [0]
 33 [0]
 34 [0]
 35 [0]
 36 [0]
 37 [0]
 38 [0]
 39 [0]
 40 [0]
 41 [0]
 42 [0]
 43 [0]
 44 [0]
 45 [0]
 46 [0]
 47 [0]
 48 [0]
 49 [0]
-----End of the current print-----
  0 [269488144]
  1 [1684300900]
  2 [1684300900]
  3 [1684300900]
  4 [1684300900]
  5 [1684300900]
  6 [1684300900]
  7 [125269879] - Current cell
  8 [125269879]
  9 [125269879]
 10 [0]
 11 [0]
 12 [0]
 13 [0]
 14 [0]
 15 [0]
 16 [0]
 17 [0]
 18 [0]
 19 [0]
 20 [0]
 21 [0]
 22 [0]
 23 [0]
 24 [0]
 25 [0]
 26 [0]
 27 [0]
 28 [0]
 29 [0]
 30 [0]
 31 [0]
 32 [0]
 33 [0]
 34 [0]
 35 [0]
 36 [0]
 37 [0]
 38 [0]
 39 [0]
 40 [0]
 41 [0]
 42 [0]
 43 [0]
 44 [0]
 45 [0]
 46 [0]
 47 [0]
 48 [0]
 49 [0]
-----End of the current print-----
  0 [269488144]
  1 [1684300900]
  2 [1684300900]
  3 [1684300900]
  4 [125269879] - Current cell
  5 [125269879]
  6 [0]
  7 [0]
  8 [0]
  9 [0]
 10 [0]
 11 [0]
 12 [0]
 13 [0]
 14 [0]
 15 [0]
 16 [0]
 17 [0]
 18 [0]
 19 [0]
 20 [0]
 21 [0]
 22 [0]
 23 [0]
 24 [0]
 25 [0]
 26 [0]
 27 [0]
 28 [0]
 29 [0]
 30 [0]
 31 [0]
 32 [0]
 33 [0]
 34 [0]
 35 [0]
 36 [0]
 37 [0]
 38 [0]
 39 [0]
 40 [0]
 41 [0]
 42 [0]
 43 [0]
 44 [0]
 45 [0]
 46 [0]
 47 [0]
 48 [0]
 49 [0]
-----End of the current print-----
  0 [269488144]
  1 [1684300900]
  2 [1684300900]
  3 [1684300900]
  4 [125269879] - Current cell
  5 [125269879]
  6 [0]
  7 [0]
  8 [0]
  9 [0]
 10 [0]
 11 [0]
 12 [0]
 13 [0]
 14 [0]
 15 [0]
 16 [0]
 17 [0]
 18 [0]
 19 [0]
 20 [0]
 21 [0]
 22 [0]
 23 [0]
 24 [0]
 25 [0]
 26 [0]
 27 [0]
 28 [0]
 29 [0]
 30 [0]
 31 [0]
 32 [0]
 33 [0]
 34 [0]
 35 [0]
 36 [0]
 37 [0]
 38 [0]
 39 [0]
 40 [0]
 41 [0]
 42 [0]
 43 [0]
 44 [0]
 45 [0]
 46 [0]
 47 [0]
 48 [0]
 49 [0]
-----End of the current print-----
  0 [269488144]
  1 [1684300900]
  2 [1684300900]
  3 [1684300900]
  4 [125269879] - Current cell
  5 [125269879]
  6 [0]
  7 [0]
  8 [0]
  9 [0]
 10 [0]
 11 [0]
 12 [0]
 13 [0]
 14 [0]
 15 [0]
 16 [0]
 17 [0]
 18 [0]
 19 [0]
 20 [0]
 21 [0]
 22 [0]
 23 [0]
 24 [0]
 25 [0]
 26 [0]
 27 [0]
 28 [0]
 29 [0]
 30 [0]
 31 [0]
 32 [0]
 33 [0]
 34 [0]
 35 [0]
 36 [0]
 37 [0]
 38 [0]
 39 [0]
 40 [0]
 41 [0]
 42 [0]
 43 [0]
 44 [0]
 45 [0]
 46 [0]
 47 [0]
 48 [0]
 49 [0]
-----End of the current print-----
  0 [269488144]
  1 [1684300900]
  2 [1684300900]
  3 [1684300900]
  4 [125269879] - Current cell
  5 [125269879]
  6 [0]
  7 [0]
  8 [0]
  9 [0]
 10 [0]
 11 [0]
 12 [0]
 13 [0]
 14 [0]
 15 [0]
 16 [0]
 17 [0]
 18 [0]
 19 [0]
 20 [0]
 21 [0]
 22 [0]
 23 [0]
 24 [0]
 25 [0]
 26 [0]
 27 [0]
 28 [0]
 29 [0]
 30 [0]
 31 [0]
 32 [0]
 33 [0]
 34 [0]
 35 [0]
 36 [0]
 37 [0]
 38 [0]
 39 [0]
 40 [0]
 41 [0]
 42 [0]
 43 [0]
 44 [0]
 45 [0]
 46 [0]
 47 [0]
 48 [0]
 49 [0]
-----End of the current print-----
  0 [269488144]
  1 [1684300900]
  2 [1684300900]
  3 [1684300900]
  4 [125269879] - Current cell
  5 [125269879]
  6 [0]
  7 [0]
  8 [0]
  9 [0]
 10 [0]
 11 [0]
 12 [0]
 13 [0]
 14 [0]
 15 [0]
 16 [0]
 17 [0]
 18 [0]
 19 [0]
 20 [0]
 21 [0]
 22 [0]
 23 [0]
 24 [0]
 25 [0]
 26 [0]
 27 [0]
 28 [0]
 29 [0]
 30 [0]
 31 [0]
 32 [0]
 33 [0]
 34 [0]
 35 [0]
 36 [0]
 37 [0]
 38 [0]
 39 [0]
 40 [0]
 41 [0]
 42 [0]
 43 [0]
 44 [0]
 45 [0]
 46 [0]
 47 [0]
 48 [0]
 49 [0]
-----End of the current print-----
  0 [269488144]
  1 [1684300900]
  2 [1684300900]
  3 [1684300900]
  4 [125269879] - Current cell
  5 [125269879]
  6 [125269879]
  7 [0]
  8 [0]
  9 [0]
 10 [0]
 11 [0]
 12 [0]
 13 [0]
 14 [0]
 15 [0]
 16 [0]
 17 [0]
 18 [0]
 19 [0]
 20 [0]
 21 [0]
 22 [0]
 23 [0]
 24 [0]
 25 [0]
 26 [0]
 27 [0]
 28 [0]
 29 [0]
 30 [0]
 31 [0]
 32 [0]
 33 [0]
 34 [0]
 35 [0]
 36 [0]
 37 [0]
 38 [0]
 39 [0]
 40 [0]
 41 [0]
 42 [0]
 43 [0]
 44 [0]
 45 [0]
 46 [0]
 47 [0]
 48 [0]
 49 [0]
-----End of the current print-----
  0 [269488144]
  1 [1684300900]
  2 [1684300900]
  3 [1684300900]
  4 [125269879] - Current cell
  5 [125269879]
  6 [125269879]
  7 [0]
  8 [0]
  9 [0]
 10 [0]
 11 [0]
 12 [0]
 13 [0]
 14 [0]
 15 [0]
 16 [0]
 17 [0]
 18 [0]
 19 [0]
 20 [0]
 21 [0]
 22 [0]
 23 [0]
 24 [0]
 25 [0]
 26 [0]
 27 [0]
 28 [0]
 29 [0]
 30 [0]
 31 [0]
 32 [0]
 33 [0]
 34 [0]
 35 [0]
 36 [0]
 37 [0]
 38 [0]
 39 [0]
 40 [0]
 41 [0]
 42 [0]
 43 [0]
 44 [0]
 45 [0]
 46 [0]
 47 [0]
 48 [0]
 49 [0]
-----End of the current print-----
  0 [269488144]
  1 [1684300900]
  2 [1684300900]
  3 [1684300900]
  4 [125269879] - Current cell
  5 [125269879]
  6 [125269879]
  7 [0]
  8 [0]
  9 [0]
 10 [0]
 11 [0]
 12 [0]
 13 [0]
 14 [0]
 15 [0]
 16 [0]
 17 [0]
 18 [0]
 19 [0]
 20 [0]
 21 [0]
 22 [0]
 23 [0]
 24 [0]
 25 [0]
 26 [0]
 27 [0]
 28 [0]
 29 [0]
 30 [0]
 31 [0]
 32 [0]
 33 [0]
 34 [0]
 35 [0]
 36 [0]
 37 [0]
 38 [0]
 39 [0]
 40 [0]
 41 [0]
 42 [0]
 43 [0]
 44 [0]
 45 [0]
 46 [0]
 47 [0]
 48 [0]
 49 [0]
-----End of the current print-----
  0 [269488144]
  1 [1684300900]
  2 [1684300900]
  3 [1684300900]
  4 [125269879] - Current cell
  5 [125269879]
  6 [125269879]
  7 [0]
  8 [0]
  9 [0]
 10 [0]
 11 [0]
 12 [0]
 13 [0]
 14 [0]
 15 [0]
 16 [0]
 17 [0]
 18 [0]
 19 [0]
 20 [0]
 21 [0]
 22 [0]
 23 [0]
 24 [0]
 25 [0]
 26 [0]
 27 [0]
 28 [0]
 29 [0]
 30 [0]
 31 [0]
 32 [0]
 33 [0]
 34 [0]
 35 [0]
 36 [0]
 37 [0]
 38 [0]
 39 [0]
 40 [0]
 41 [0]
 42 [0]
 43 [0]
 44 [0]
 45 [0]
 46 [0]
 47 [0]
 48 [0]
 49 [0]
-----End of the current print-----
  0 [269488144]
  1 [1684300900]
  2 [1684300900]
  3 [1684300900]
  4 [125269879] - Current cell
  5 [125269879]
  6 [125269879]
  7 [0]
  8 [0]
  9 [0]
 10 [0]
 11 [0]
 12 [0]
 13 [0]
 14 [0]
 15 [0]
 16 [0]
 17 [0]
 18 [0]
 19 [0]
 20 [0]
 21 [0]
 22 [0]
 23 [0]
 24 [0]
 25 [0]
 26 [0]
 27 [0]
 28 [0]
 29 [0]
 30 [0]
 31 [0]
 32 [0]
 33 [0]
 34 [0]
 35 [0]
 36 [0]
 37 [0]
 38 [0]
 39 [0]
 40 [0]
 41 [0]
 42 [0]
 43 [0]
 44 [0]
 45 [0]
 46 [0]
 47 [0]
 48 [0]
 49 [0]
-----End of the current print-----
  0 [269488144]
  1 [1684300900]
  2 [1684300900]
  3 [1684300900]
  4 [125269879] - Current cell
  5 [125269879]
  6 [125269879]
  7 [0]
  8 [0]
  9 [0]
 10 [0]
 11 [0]
 12 [0]
 13 [0]
 14 [0]
 15 [0]
 16 [0]
 17 [0]
 18 [0]
 19 [0]
 20 [0]
 21 [0]
 22 [0]
 23 [0]
 24 [0]
 25 [0]
 26 [0]
 27 [0]
 28 [0]
 29 [0]
 30 [0]
 31 [0]
 32 [0]
 33 [0]
 34 [0]
 35 [0]
 36 [0]
 37 [0]
 38 [0]
 39 [0]
 40 [0]
 41 [0]
 42 [0]
 43 [0]
 44 [0]
 45 [0]
 46 [0]
 47 [0]
 48 [0]
 49 [0]
-----End of the current print-----
  0 [269488144]
  1 [1684300900]
  2 [1684300900]
  3 [1684300900]
  4 [125269879] - Current cell
  5 [125269879]
  6 [125269879]
  7 [0]
  8 [0]
  9 [0]
 10 [0]
 11 [0]
 12 [0]
 13 [0]
 14 [0]
 15 [0]
 16 [0]
 17 [0]
 18 [0]
 19 [0]
 20 [0]
 21 [0]
 22 [0]
 23 [0]
 24 [0]
 25 [0]
 26 [0]
 27 [0]
 28 [0]
 29 [0]
 30 [0]
 31 [0]
 32 [0]
 33 [0]
 34 [0]
 35 [0]
 36 [0]
 37 [0]
 38 [0]
 39 [0]
 40 [0]
 41 [0]
 42 [0]
 43 [0]
 44 [0]
 45 [0]
 46 [0]
 47 [0]
 48 [0]
 49 [0]
-----End of the current print-----
  0 [269488144]
  1 [1684300900]
  2 [1684300900]
  3 [1684300900]
  4 [125269879] - Current cell
  5 [125269879]
  6 [125269879]
  7 [0]
  8 [0]
  9 [0]
 10 [0]
 11 [0]
 12 [0]
 13 [0]
 14 [0]
 15 [0]
 16 [0]
 17 [0]
 18 [0]
 19 [0]
 20 [0]
 21 [0]
 22 [0]
 23 [0]
 24 [0]
 25 [0]
 26 [0]
 27 [0]
 28 [0]
 29 [0]
 30 [0]
 31 [0]
 32 [0]
 33 [0]
 34 [0]
 35 [0]
 36 [0]
 37 [0]
 38 [0]
 39 [0]
 40 [0]
 41 [0]
 42 [0]
 43 [0]
 44 [0]
 45 [0]
 46 [0]
 47 [0]
 48 [0]
 49 [0]
-----End of the current print-----
  0 [269488144]
  1 [1684300900]
  2 [1684300900]
  3 [1684300900]
  4 [125269879] - Current cell
  5 [125269879]
  6 [125269879]
  7 [0]
  8 [0]
  9 [0]
 10 [0]
 11 [0]
 12 [0]
 13 [0]
 14 [0]
 15 [0]
 16 [0]
 17 [0]
 18 [0]
 19 [0]
 20 [0]
 21 [0]
 22 [0]
 23 [0]
 24 [0]
 25 [0]
 26 [0]
 27 [0]
 28 [0]
 29 [0]
 30 [0]
 31 [0]
 32 [0]
 33 [0]
 34 [0]
 35 [0]
 36 [0]
 37 [0]
 38 [0]
 39 [0]
 40 [0]
 41 [0]
 42 [0]
 43 [0]
 44 [0]
 45 [0]
 46 [0]
 47 [0]
 48 [0]
 49 [0]
-----End of the current print-----
  0 [269488144]
  1 [1684300900]
  2 [1684300900]
  3 [1684300900]
  4 [125269879] - Current cell
  5 [125269879]
  6 [125269879]
  7 [0]
  8 [0]
  9 [0]
 10 [0]
 11 [0]
 12 [0]
 13 [0]
 14 [0]
 15 [0]
 16 [0]
 17 [0]
 18 [0]
 19 [0]
 20 [0]
 21 [0]
 22 [0]
 23 [0]
 24 [0]
 25 [0]
 26 [0]
 27 [0]
 28 [0]
 29 [0]
 30 [0]
 31 [0]
 32 [0]
 33 [0]
 34 [0]
 35 [0]
 36 [0]
 37 [0]
 38 [0]
 39 [0]
 40 [0]
 41 [0]
 42 [0]
 43 [0]
 44 [0]
 45 [0]
 46 [0]
 47 [0]
 48 [0]
 49 [0]
-----End of the current print-----
  0 [269488144]
  1 [1684300900]
  2 [1684300900]
  3 [1684300900]
  4 [125269879] - Current cell
  5 [125269879]
  6 [125269879]
  7 [0]
  8 [0]
  9 [0]
 10 [0]
 11 [0]
 12 [0]
 13 [0]
 14 [0]
 15 [0]
 16 [0]
 17 [0]
 18 [0]
 19 [0]
 20 [0]
 21 [0]
 22 [0]
 23 [0]
 24 [0]
 25 [0]
 26 [0]
 27 [0]
 28 [0]
 29 [0]
 30 [0]
 31 [0]
 32 [0]
 33 [0]
 34 [0]
 35 [0]
 36 [0]
 37 [0]
 38 [0]
 39 [0]
 40 [0]
 41 [0]
 42 [0]
 43 [0]
 44 [0]
 45 [0]
 46 [0]
 47 [0]
 48 [0]
 49 [0]
-----End of the current print-----
  0 [269488144]
  1 [1684300900]
  2 [1684300900]
  3 [1684300900]
  4 [125269879] - Current cell
  5 [125269879]
  6 [125269879]
  7 [0]
  8 [0]
  9 [0]
 10 [0]
 11 [0]
 12 [0]
 13 [0]
 14 [0]
 15 [0]
 16 [0]
 17 [0]
 18 [0]
 19 [0]
 20 [0]
 21 [0]
 22 [0]
 23 [0]
 24 [0]
 25 [0]
 26 [0]
 27 [0]
 28 [0]
 29 [0]
 30 [0]
 31 [0]
 32 [0]
 33 [0]
 34 [0]
 35 [0]
 36 [0]
 37 [0]
 38 [0]
 39 [0]
 40 [0]
 41 [0]
 42 [0]
 43 [0]
 44 [0]
 45 [0]
 46 [0]
 47 [0]
 48 [0]
 49 [0]
-----End of the current print-----
  0 [269488144]
  1 [1684300900]
  2 [1684300900]
  3 [1684300900]
  4 [125269879] - Current cell
  5 [125269879]
  6 [125269879]
  7 [0]
  8 [0]
  9 [0]
 10 [0]
 11 [0]
 12 [0]
 13 [0]
 14 [0]
 15 [0]
 16 [0]
 17 [0]
 18 [0]
 19 [0]
 20 [0]
 21 [0]
 22 [0]
 23 [0]
 24 [0]
 25 [0]
 26 [0]
 27 [0]
 28 [0]
 29 [0]
 30 [0]
 31 [0]
 32 [0]
 33 [0]
 34 [0]
 35 [0]
 36 [0]
 37 [0]
 38 [0]
 39 [0]
 40 [0]
 41 [0]
 42 [0]
 43 [0]
 44 [0]
 45 [0]
 46 [0]
 47 [0]
 48 [0]
 49 [0]
-----End of the current print-----
  0 [269488144]
  1 [1684300900]
  2 [1684300900]
  3 [1684300900]
  4 [125269879] - Current cell
  5 [125269879]
  6 [125269879]
  7 [0]
  8 [0]
  9 [0]
 10 [0]
 11 [0]
 12 [0]
 13 [0]
 14 [0]
 15 [0]
 16 [0]
 17 [0]
 18 [0]
 19 [0]
 20 [0]
 21 [0]
 22 [0]
 23 [0]
 24 [0]
 25 [0]
 26 [0]
 27 [0]
 28 [0]
 29 [0]
 30 [0]
 31 [0]
 32 [0]
 33 [0]
 34 [0]
 35 [0]
 36 [0]
 37 [0]
 38 [0]
 39 [0]
 40 [0]
 41 [0]
 42 [0]
 43 [0]
 44 [0]
 45 [0]
 46 [0]
 47 [0]
 48 [0]
 49 [0]
-----End of the current print-----
  0 [269488144]
  1 [1684300900]
  2 [1684300900]
  3 [1684300900]
  4 [125269879] - Current cell
  5 [125269879]
  6 [125269879]
  7 [0]
  8 [0]
  9 [0]
 10 [0]
 11 [0]
 12 [0]
 13 [0]
 14 [0]
 15 [0]
 16 [0]
 17 [0]
 18 [0]
 19 [0]
 20 [0]
 21 [0]
 22 [0]
 23 [0]
 24 [0]
 25 [0]
 26 [0]
 27 [0]
 28 [0]
 29 [0]
 30 [0]
 31 [0]
 32 [0]
 33 [0]
 34 [0]
 35 [0]
 36 [0]
 37 [0]
 38 [0]
 39 [0]
 40 [0]
 41 [0]
 42 [0]
 43 [0]
 44 [0]
 45 [0]
 46 [0]
 47 [0]
 48 [0]
 49 [0]
-----End of the current print-----
  0 [269488144]
  1 [1684300900]
  2 [1684300900]
  3 [1684300900]
  4 [125269879] - Current cell
  5 [125269879]
  6 [125269879]
  7 [0]
  8 [0]
  9 [0]
 10 [0]
 11 [0]
 12 [0]
 13 [0]
 14 [0]
 15 [0]
 16 [0]
 17 [0]
 18 [0]
 19 [0]
 20 [0]
 21 [0]
 22 [0]
 23 [0]
 24 [0]
 25 [0]
 26 [0]
 27 [0]
 28 [0]
 29 [0]
 30 [0]
 31 [0]
 32 [0]
 33 [0]
 34 [0]
 35 [0]
 36 [0]
 37 [0]
 38 [0]
 39 [0]
 40 [0]
 41 [0]
 42 [0]
 43 [0]
 44 [0]
 45 [0]
 46 [0]
 47 [0]
 48 [0]
 49 [0]
-----End of the current print-----
  0 [269488144]
  1 [1684300900]
  2 [1684300900]
  3 [1684300900]
  4 [125269879] - Current cell
  5 [125269879]
  6 [125269879]
  7 [0]
  8 [0]
  9 [0]
 10 [0]
 11 [0]
 12 [0]
 13 [0]
 14 [0]
 15 [0]
 16 [0]
 17 [0]
 18 [0]
 19 [0]
 20 [0]
 21 [0]
 22 [0]
 23 [0]
 24 [0]
 25 [0]
 26 [0]
 27 [0]
 28 [0]
 29 [0]
 30 [0]
 31 [0]
 32 [0]
 33 [0]
 34 [0]
 35 [0]
 36 [0]
 37 [0]
 38 [0]
 39 [0]
 40 [0]
 41 [0]
 42 [0]
 43 [0]
 44 [0]
 45 [0]
 46 [0]
 47 [0]
 48 [0]
 49 [0]
-----End of the current print-----
